728029,1.99,740,-196,-16092
728043,1.99,764,-260,-16012
728057,1.99,804,-248,-16136
728071,1.99,720,-184,-16040
728085,1.99,828,-248,-16132
728099,1.99,768,-304,-16024
728113,1.99,780,-272,-16124
728127,1.99,756,-272,-16184
728141,1.99,816,-292,-16056
728155,1.99,728,-244,-16080
728169,1.99,800,-284,-16032
728183,1.99,764,-184,-16080
728197,1.99,704,-304,-16076
728211,1.99,772,-236,-16100
728225,1.99,780,-264,-16036
728239,1.99,888,-292,-16092
728253,1.99,716,-260,-16168
728267,1.99,748,-284,-16092
728281,1.99,720,-376,-16056
728295,1.99,844,-188,-16008
728309,1.99,768,-272,-16148
728323,1.99,776,-252,-15928
728337,1.99,740,-212,-16156
728351,1.99,716,-264,-16152
728365,1.99,784,-224,-15920
728379,1.99,748,-196,-16048
728393,1.99,764,-232,-16092
728407,1.99,668,-236,-16124
728421,1.99,776,-212,-16008
728435,2.01,788,-236,-16100
728449,1.99,712,-100,-16028
728463,1.99,824,-308,-16064
728477,1.99,684,-288,-15956
728491,1.99,760,-292,-15916
728505,1.99,772,-200,-15928
728519,1.99,736,-160,-16036
728533,1.99,824,-260,-16052
728547,1.99,812,-252,-16176
728561,1.99,760,-324,-16236
728575,1.99,732,-204,-16120
728589,1.99,620,-292,-16128
728603,1.99,816,-212,-15940
728617,1.99,872,-220,-15880
728631,1.99,660,-156,-16092
728645,1.99,824,-264,-16032
728659,1.99,780,-252,-15952
728673,1.99,704,-320,-16080
728687,1.99,788,-248,-16160
728701,1.99,644,-212,-16072
728715,1.99,800,-280,-16200
728729,1.99,764,-268,-16132
728743,1.99,716,-228,-16028
728757,1.99,792,-200,-16108
728771,1.99,748,-304,-15988
728785,1.99,684,-292,-16036
728799,1.99,800,-240,-15996
728813,1.99,756,-112,-16072
728827,1.99,784,-340,-16132
728841,1.99,824,-252,-16092
728855,1.99,788,-160,-16052
728869,1.99,720,-136,-15988
728883,1.99,728,-300,-16024
728897,1.99,660,-264,-16176
728911,1.99,688,-224,-15944
728925,1.99,768,-224,-16004
728951,1.99,816,-356,-16032
728965,1.99,744,-324,-16176
728979,1.99,808,-268,-15880
728993,1.99,816,-312,-16116
729007,1.99,724,-312,-16072
729021,1.99,792,-296,-16092
729035,1.99,756,-276,-16000
729049,1.99,784,-264,-16212
729063,1.99,772,-236,-16100
729077,1.99,764,-284,-16020
729091,1.99,836,-324,-16128
729105,1.99,788,-336,-16136
729119,1.99,732,-288,-15908
729133,1.99,688,-316,-16064
729147,1.99,760,-200,-16152
729161,1.99,808,-308,-16036
729175,1.99,716,-308,-16104
729189,1.99,724,-172,-16088
729203,1.99,756,-212,-16208
729217,1.99,748,-248,-16104
729231,1.99,736,-304,-16108
729245,1.99,780,-388,-16040
729259,1.99,692,-352,-16064
729273,1.99,752,-228,-16100
729287,1.99,808,-216,-16136
729301,1.99,716,-284,-16188
729315,1.99,912,-264,-16128
729329,1.99,724,-260,-16060
729343,1.99,748,-400,-16112
729357,1.99,820,-244,-15888
729371,1.99,848,-240,-16196
729385,1.99,796,-316,-16000
729399,1.99,724,-244,-15872
729413,1.99,812,-320,-16052
729427,1.99,912,-284,-16080
729441,1.99,812,-212,-16140
729455,1.99,716,-252,-15960
729469,1.99,812,-200,-15924
729483,1.99,764,-300,-15984
729497,1.99,776,-264,-15996
729511,1.99,700,-244,-16024
729525,1.99,628,-156,-16016
729539,1.99,808,-264,-15956
729553,1.99,764,-260,-15820
729567,1.99,5376,-2384,-15524
729581,2.97,1764,364,-15668
729595,1.66,1700,-140,-15948
729609,1.66,2112,-272,-16052
729623,4.27,2992,-440,-14748
729637,2.64,2564,-604,-15052
729651,2.32,1988,-284,-16012
729665,2.01,1860,-208,-15824
729679,2.97,2268,-484,-15960
729693,2.64,1600,-480,-15956
729707,2.32,1880,-304,-16088
729721,1.99,2212,-392,-16044
729735,2.97,1944,-320,-16048
729766,1.99,2212,-16,-16108
729780,2.64,1752,-416,-16180
729794,2.32,1344,-164,-16024
729808,3.94,1332,-312,-16092
729822,2.32,1288,-232,-16168
729836,2.97,924,-348,-16036
729850,3.62,904,-276,-15984
729864,5.25,1332,-192,-16028
729878,3.62,1036,-124,-16008
729892,3.94,1064,-216,-15968
729906,4.60,1400,-352,-16104
729920,3.94,1568,-348,-16016
729934,4.58,1664,-392,-16044
729948,4.92,1088,-228,-16056
729962,5.56,1260,-440,-16108
729976,5.88,1420,-228,-16032
729990,5.25,1396,-328,-15980
730004,6.86,1040,-304,-16024
730018,7.20,1452,-484,-15960
730032,7.51,984,-176,-16116
730046,7.84,1020,-344,-16004
730060,8.16,1040,-292,-16064
730074,8.49,1132,-308,-16028
730088,8.85,704,-248,-15928
730102,9.19,660,-200,-16020
730116,9.54,1368,-344,-16120
730130,9.86,1072,-180,-16040
730144,10.20,1236,-144,-15584
730159,11.92,1916,-244,-15924
730174,13.98,1820,-292,-16228
730189,16.98,1160,-324,-16056
730204,16.98,864,-40,-16128
730265,805.62,1272,-464,-16060
730282,45.22,2448,-512,-16144
730297,16.34,2824,-528,-16008
730312,16.02,2820,-444,-16048
730327,16.98,2088,-340,-16012
730342,16.65,1632,-388,-16024
730357,17.29,1952,-140,-16048
730372,18.26,2396,-328,-16128
730387,18.90,1852,-348,-16040
730402,19.53,632,-244,-15844
730417,19.21,1384,-164,-16020
730432,19.86,2328,-328,-15984
730447,20.49,1120,-100,-16076
730462,21.13,500,-104,-16168
730477,23.00,1604,-276,-16172
730492,22.42,1948,-240,-16012
730507,23.00,1092,-280,-16152
730522,24.18,1088,-288,-15984
730537,26.48,1884,-36,-16080
730552,25.04,1440,-252,-15956
730567,26.19,600,-272,-15924
730582,27.35,672,-332,-16060
730598,28.81,1388,-88,-16000
730614,29.62,252,-280,-15836
730630,29.89,-24,-164,-16072
730646,29.36,508,-160,-16052
730662,30.94,208,-268,-16008
730678,31.20,-32,-240,-16048
730694,31.97,856,-360,-16136
730710,32.76,780,-176,-16020
730726,33.01,996,-180,-16080
730742,33.80,2088,-208,-15624
730758,34.57,712,52,-15656
730774,36.58,1316,356,-15980
730790,36.10,1824,-532,-15844
730806,38.18,2100,-148,-15884
730822,37.73,2060,-684,-15480
730838,38.19,1072,-476,-16232
730854,39.12,684,-440,-16368
730870,40.71,704,-580,-16192
730886,40.71,3300,-1100,-13116
730902,43.00,1504,-456,-16376
730918,43.41,-172,-736,-17328
730934,43.39,2676,-296,-15868
730950,44.20,1460,-300,-16184
730967,46.01,1444,-288,-16008
730984,47.42,1712,-176,-16076
731001,47.01,1044,-272,-16048
731018,48.43,1352,-276,-16152
731035,49.75,1488,-276,-16024
731052,49.94,996,-420,-16144
731069,49.94,1744,-316,-15972
731086,52.67,1832,-196,-15980
731103,52.00,1444,-360,-16032
731120,53.35,1456,-252,-16180
731137,49.77,1524,136,-15964
731154,52.32,-32768,-3052,-32768
731171,49.58,21244,3720,-16844
731188,50.44,-32768,-21700,-18924
731205,55.91,3260,-2692,-2032
731222,54.73,11660,-14928,2444
731239,54.90,10772,676,-9540
731256,49.60,-5132,-536,-32768
731273,49.75,360,-1676,-18432
731290,49.92,2904,-176,-11880
731307,56.53,9052,4,-16944
731324,49.60,9904,-72,-15684
731341,56.08,4192,-244,-15424
731358,56.08,3036,-308,-16040
731375,50.28,2140,-392,-16024
731392,49.94,1012,-232,-16008
731409,50.10,-196,-188,-16012
731426,56.25,-760,-12,-16124
731443,56.41,-17796,-2628,-26520
731460,56.25,-8736,792,-18816
731477,56.25,-556,-1916,-15848
731494,49.75,5852,404,-8952
731511,56.54,7144,-424,-10260
731528,56.53,-4140,-188,-13948
731545,56.53,496,-564,-17232
731562,56.53,2436,-276,-15164
731579,56.54,1332,64,-16572
731596,56.53,140,28,-15980
731613,56.54,88,64,-16640
731630,56.53,2504,-460,-15364
731647,56.66,464,-156,-16256
731664,49.77,-208,-212,-16252
731681,56.53,968,-220,-15984
731698,56.53,1396,-328,-15788
731715,56.56,484,-172,-16072
731732,56.54,60,-284,-16268
731749,56.54,1128,-296,-15788
731766,49.75,1064,-260,-15992
731783,49.77,396,-288,-16096
731800,56.54,380,-316,-16196
731817,56.54,1292,-328,-15908
731834,56.54,952,-196,-15992
731851,56.53,316,-192,-16192
731868,56.53,576,-232,-15972
731885,56.53,1208,-148,-15928
731902,50.61,696,-100,-15948
731919,49.74,488,-260,-16132
731936,56.53,808,-220,-15856
731953,49.75,1072,-232,-15992
731970,56.54,752,-264,-16036
731987,56.53,564,-256,-16164
732004,50.63,868,-224,-15960
732021,56.68,888,-332,-16016
732038,49.75,676,-364,-16144
732055,56.54,580,-372,-15984
732072,56.66,884,-148,-15940
732089,56.54,844,-240,-16072
732106,49.75,620,-160,-16136
732123,49.75,672,-196,-16016
732140,50.61,928,-348,-15932
732157,56.53,844,-204,-15980
732174,49.75,644,-256,-16156
732191,49.75,744,-232,-15948
732208,49.74,944,-316,-16044
732225,49.75,792,-164,-16124
732242,50.59,664,-200,-15948
732259,49.75,788,-212,-16144
732276,49.74,824,-268,-16116
732293,49.75,684,-188,-15980
732310,56.54,744,-248,-16080
732327,56.54,804,-252,-16036

